189,
143,
138,
119,
116,
113,
104,
102,
98,
93,
85,
83,
79,
74,
73,
70,
70,
66,
66,
65,
65,
64,
64,
61,
59,
56,
56,
52,
51,
49,
47,
46,
45,
45,
45,
43,
42,
42,
41,
40,
40,
40,
39,
37,
34,
33,
31,
31,
28,
28,
27,
27,
27,
25,
24,
24,
24,
24,
23,
23,
22,
22,
22,
22,
22,
22,
22,
21,
21,
20,
20,
20,
20,
20,
20,
19,
19,
19,
19,
19,
19,
18,
18,
18,
18,
17,
17,
16,
16,
15,
15,
15,
14,
14,
14,
14,
14,
14,
14,
13,
13,
13,
13,
13,
13,
13,
13,
12,
11,
11,
11,
11,
11,
10,
10,
10,
10,
10,
10,
9,
9,
9,
9,
9,
8,
8,
8,
8,
8,
8,
8,
8,
6,
6,
6,
6,
6,
6,
5,
5,
5,
5,
4,
4,
4,
4,
4,
4,
4,
4,
4,
4,
4,
4,
3,
3,
3,
3,
3,
3,
3,
3,
3,
3,
3,
3,
3,
3,
3,
3,
3,
3,
3,
3,
3,
2,
2,
2,
2,
2,
2,
2,
2,
2,
2,
2,
2,
2,
2,
2,
2,
2,
2,
2,
2,
2,
2,
2,
2,
2,
2,
2,
2,
